<svg width="55" height="50" viewBox="0 0 55 50" fill="none" xmlns="http://www.w3.org/2000/svg">
<path d="M24.5778 0.00260765C20.642 0.0561833 16.7749 1.0446 13.2933 2.88688C9.81163 4.72917 6.81453 7.37289 4.54752 10.6015C2.28051 13.83 0.808097 17.5516 0.250908 21.4612C-0.306282 25.3708 0.0676083 29.3573 1.34195 33.094C2.61629 36.8307 4.75481 40.2113 7.58232 42.9588C10.4098 45.7063 13.8459 47.7426 17.6089 48.9008C21.372 50.059 25.355 50.3062 29.2316 49.6221C33.1082 48.938 36.7681 47.3421 39.9115 44.9651L34.5223 39.5577C30.8094 42.0618 26.296 43.0789 21.8725 42.4084C17.449 41.7379 13.4365 39.4285 10.6265 35.9357C7.81643 32.4429 6.4129 28.0203 6.69273 23.5403C6.97256 19.0603 8.91543 14.8481 12.1381 11.7346C15.3608 8.6212 19.6293 6.83252 24.1016 6.72144C28.5739 6.61036 32.9254 8.18493 36.2977 11.1346C39.6699 14.0842 41.8181 18.1948 42.3185 22.6554C42.8189 27.116 41.6352 31.6029 39.0009 35.2309L44.3687 40.6169L50.8456 47.1156L55 42.9472L47.5229 35.4428C49.6544 30.8084 50.3219 25.6307 49.436 20.6047C48.5501 15.5787 46.153 10.9448 42.5667 7.32517C40.2085 4.95977 37.4014 3.09297 34.3116 1.83522C31.2217 0.577466 27.9118 -0.045694 24.5778 0.00260765ZM24.6055 11.0571C21.4655 11.057 18.4226 12.1494 15.9953 14.1481C13.5681 16.1468 11.9066 18.9282 11.294 22.0182C10.6814 25.1083 11.1556 28.3159 12.6357 31.0944C14.1159 33.873 16.5104 36.0507 19.4114 37.2564C22.3124 38.4621 25.5403 38.6212 28.5451 37.7067C31.5499 36.7921 34.1457 34.8605 35.8902 32.2409C37.6347 29.6213 38.4199 26.4758 38.1122 23.3403C37.8044 20.2049 36.4227 17.2736 34.2024 15.0457C32.9438 13.7789 31.4479 12.7743 29.8009 12.0898C28.1539 11.4052 26.3882 11.0543 24.6055 11.0571ZM24.6055 13.8645C26.021 13.862 27.423 14.14 28.731 14.6828C30.0391 15.2255 31.2273 16.0223 32.2276 17.0272C32.3018 17.1018 32.3606 17.1904 32.4007 17.2878C32.4409 17.3852 32.4614 17.4896 32.4613 17.5951C32.4612 17.7005 32.4405 17.8048 32.4002 17.9022C32.3599 17.9995 32.3009 18.088 32.2265 18.1624C32.1521 18.2369 32.0639 18.2959 31.9668 18.3362C31.8697 18.3764 31.7656 18.3971 31.6606 18.397C31.5555 18.3969 31.4515 18.376 31.3545 18.3356C31.2575 18.2952 31.1693 18.236 31.0951 18.1614C30.2433 17.305 29.2316 16.6257 28.1179 16.1622C27.0041 15.6986 25.8102 15.46 24.6044 15.46C23.3986 15.46 22.2047 15.6986 21.091 16.1622C19.9772 16.6257 18.9655 17.305 18.1137 18.1614C18.0405 18.2402 17.9522 18.3034 17.8541 18.3473C17.756 18.3911 17.6501 18.4147 17.5427 18.4166C17.4353 18.4185 17.3287 18.3987 17.2291 18.3584C17.1295 18.318 17.039 18.2579 16.9631 18.1817C16.8871 18.1055 16.8273 18.0148 16.7871 17.9148C16.7468 17.8149 16.7271 17.7079 16.729 17.6002C16.7309 17.4924 16.7544 17.3862 16.7981 17.2877C16.8418 17.1893 16.9048 17.1007 16.9834 17.0272C17.9833 16.0219 19.1715 15.2249 20.4796 14.6821C21.7878 14.1393 23.1899 13.8615 24.6055 13.8645Z" fill="#53B6ED"/>
</svg>


<DrawingImage x:Key="quest_logoDrawingImage">
  <DrawingImage.Drawing>
    <DrawingGroup ClipGeometry="M0,0 V50 H55 V0 H0 Z">
      <DrawingGroup.Transform>
        <TranslateTransform X="0" Y="5.5812847676861566E-09" />
      </DrawingGroup.Transform>
      <GeometryDrawing Brush="#FF53B6ED" Geometry="F1 M55,50z M0,0z M24.5778,0.00260765C20.642,0.0561833 16.7749,1.0446 13.2933,2.88688 9.81163,4.72917 6.81453,7.37289 4.54752,10.6015 2.28051,13.83 0.808097,17.5516 0.250908,21.4612 -0.306282,25.3708 0.0676083,29.3573 1.34195,33.094 2.61629,36.8307 4.75481,40.2113 7.58232,42.9588 10.4098,45.7063 13.8459,47.7426 17.6089,48.9008 21.372,50.059 25.355,50.3062 29.2316,49.6221 33.1082,48.938 36.7681,47.3421 39.9115,44.9651L34.5223,39.5577C30.8094,42.0618 26.296,43.0789 21.8725,42.4084 17.449,41.7379 13.4365,39.4285 10.6265,35.9357 7.81643,32.4429 6.4129,28.0203 6.69273,23.5403 6.97256,19.0603 8.91543,14.8481 12.1381,11.7346 15.3608,8.6212 19.6293,6.83252 24.1016,6.72144 28.5739,6.61036 32.9254,8.18493 36.2977,11.1346 39.6699,14.0842 41.8181,18.1948 42.3185,22.6554 42.8189,27.116 41.6352,31.6029 39.0009,35.2309L44.3687,40.6169 50.8456,47.1156 55,42.9472 47.5229,35.4428C49.6544,30.8084 50.3219,25.6307 49.436,20.6047 48.5501,15.5787 46.153,10.9448 42.5667,7.32517 40.2085,4.95977 37.4014,3.09297 34.3116,1.83522 31.2217,0.577466 27.9118,-0.045694 24.5778,0.00260765z M24.6055,11.0571C21.4655,11.057 18.4226,12.1494 15.9953,14.1481 13.5681,16.1468 11.9066,18.9282 11.294,22.0182 10.6814,25.1083 11.1556,28.3159 12.6357,31.0944 14.1159,33.873 16.5104,36.0507 19.4114,37.2564 22.3124,38.4621 25.5403,38.6212 28.5451,37.7067 31.5499,36.7921 34.1457,34.8605 35.8902,32.2409 37.6347,29.6213 38.4199,26.4758 38.1122,23.3403 37.8044,20.2049 36.4227,17.2736 34.2024,15.0457 32.9438,13.7789 31.4479,12.7743 29.8009,12.0898 28.1539,11.4052 26.3882,11.0543 24.6055,11.0571z M24.6055,13.8645C26.021,13.862 27.423,14.14 28.731,14.6828 30.0391,15.2255 31.2273,16.0223 32.2276,17.0272 32.3018,17.1018 32.3606,17.1904 32.4007,17.2878 32.4409,17.3852 32.4614,17.4896 32.4613,17.5951 32.4612,17.7005 32.4405,17.8048 32.4002,17.9022 32.3599,17.9995 32.3009,18.088 32.2265,18.1624 32.1521,18.2369 32.0639,18.2959 31.9668,18.3362 31.8697,18.3764 31.7656,18.3971 31.6606,18.397 31.5555,18.3969 31.4515,18.376 31.3545,18.3356 31.2575,18.2952 31.1693,18.236 31.0951,18.1614 30.2433,17.305 29.2316,16.6257 28.1179,16.1622 27.0041,15.6986 25.8102,15.46 24.6044,15.46 23.3986,15.46 22.2047,15.6986 21.091,16.1622 19.9772,16.6257 18.9655,17.305 18.1137,18.1614 18.0405,18.2402 17.9522,18.3034 17.8541,18.3473 17.756,18.3911 17.6501,18.4147 17.5427,18.4166 17.4353,18.4185 17.3287,18.3987 17.2291,18.3584 17.1295,18.318 17.039,18.2579 16.9631,18.1817 16.8871,18.1055 16.8273,18.0148 16.7871,17.9148 16.7468,17.8149 16.7271,17.7079 16.729,17.6002 16.7309,17.4924 16.7544,17.3862 16.7981,17.2877 16.8418,17.1893 16.9048,17.1007 16.9834,17.0272 17.9833,16.0219 19.1715,15.2249 20.4796,14.6821 21.7878,14.1393 23.1899,13.8615 24.6055,13.8645z" />
    </DrawingGroup>
  </DrawingImage.Drawing>
</DrawingImage>

<svg width="10" height="10" viewBox="0 0 10 10" fill="none" xmlns="http://www.w3.org/2000/svg">
<path d="M9 1L1 9M1 1L9 9" stroke="#AFB0B3" stroke-width="1.5" stroke-linecap="round" stroke-linejoin="round"/>
</svg>


<DrawingImage x:Key="CloseLightButtonDrawingImage">
  <DrawingImage.Drawing>
    <DrawingGroup ClipGeometry="M0,0 V10 H10 V0 H0 Z">
      <GeometryDrawing Geometry="F1 M10,10z M0,0z M9,1L1,9 M1,1L9,9">
        <GeometryDrawing.Pen>
          <Pen Brush="#FFAFB0B3" Thickness="1.5" StartLineCap="Round" EndLineCap="Round" LineJoin="Round" MiterLimit="1" />
        </GeometryDrawing.Pen>
      </GeometryDrawing>
    </DrawingGroup>
  </DrawingImage.Drawing>
</DrawingImage>


<svg width="16" height="16" viewBox="0 0 16 16" fill="none" xmlns="http://www.w3.org/2000/svg">
<path d="M8.00001 9.99967C9.10458 9.99967 10 9.10424 10 7.99967C10 6.89511 9.10458 5.99967 8.00001 5.99967C6.89544 5.99967 6.00001 6.89511 6.00001 7.99967C6.00001 9.10424 6.89544 9.99967 8.00001 9.99967Z" stroke="#AFB0B3" stroke-width="1.5" stroke-linecap="round" stroke-linejoin="round"/>
<path d="M12.4849 9.81786C12.4042 10.0007 12.3801 10.2034 12.4158 10.4C12.4514 10.5966 12.5451 10.7781 12.6849 10.9209L12.7212 10.9573C12.8339 11.0698 12.9233 11.2035 12.9843 11.3507C13.0453 11.4978 13.0767 11.6555 13.0767 11.8148C13.0767 11.9741 13.0453 12.1318 12.9843 12.279C12.9233 12.4261 12.8339 12.5598 12.7212 12.6724C12.6087 12.7851 12.475 12.8745 12.3278 12.9355C12.1807 12.9965 12.0229 13.0279 11.8636 13.0279C11.7044 13.0279 11.5466 12.9965 11.3995 12.9355C11.2523 12.8745 11.1186 12.7851 11.0061 12.6724L10.9697 12.636C10.8269 12.4963 10.6455 12.4026 10.4489 12.3669C10.2522 12.3313 10.0495 12.3554 9.86668 12.436C9.68742 12.5129 9.53455 12.6404 9.42686 12.803C9.31918 12.9656 9.26139 13.1562 9.26062 13.3512V13.4542C9.26062 13.7757 9.13291 14.084 8.90559 14.3113C8.67828 14.5386 8.36997 14.6663 8.0485 14.6663C7.72702 14.6663 7.41871 14.5386 7.1914 14.3113C6.96408 14.084 6.83637 13.7757 6.83637 13.4542V13.3997C6.83168 13.1991 6.76675 13.0045 6.65002 12.8413C6.53328 12.6781 6.37015 12.5538 6.18183 12.4845C5.99903 12.4038 5.79626 12.3798 5.59965 12.4154C5.40305 12.4511 5.22163 12.5448 5.0788 12.6845L5.04243 12.7209C4.92986 12.8336 4.79618 12.923 4.64903 12.984C4.50188 13.045 4.34415 13.0764 4.18486 13.0764C4.02557 13.0764 3.86784 13.045 3.72069 12.984C3.57354 12.923 3.43986 12.8336 3.32728 12.7209C3.21458 12.6083 3.12518 12.4746 3.06418 12.3275C3.00318 12.1803 2.97178 12.0226 2.97178 11.8633C2.97178 11.704 3.00318 11.5463 3.06418 11.3991C3.12518 11.252 3.21458 11.1183 3.32728 11.0057L3.36365 10.9694C3.50337 10.8265 3.59709 10.6451 3.63274 10.4485C3.66839 10.2519 3.64432 10.0491 3.56365 9.86634C3.48682 9.68709 3.35926 9.53421 3.19666 9.42653C3.03406 9.31885 2.84352 9.26106 2.6485 9.26028H2.54546C2.22399 9.26028 1.91568 9.13258 1.68837 8.90526C1.46105 8.67794 1.33334 8.36963 1.33334 8.04816C1.33334 7.72668 1.46105 7.41838 1.68837 7.19106C1.91568 6.96374 2.22399 6.83604 2.54546 6.83604H2.60001C2.80061 6.83135 2.99516 6.76641 3.15837 6.64968C3.32158 6.53295 3.4459 6.36982 3.51516 6.18149C3.59584 5.9987 3.6199 5.79592 3.58426 5.59932C3.54861 5.40271 3.45488 5.2213 3.31516 5.07846L3.2788 5.0421C3.1661 4.92953 3.07669 4.79584 3.0157 4.64869C2.9547 4.50154 2.9233 4.34381 2.9233 4.18452C2.9233 4.02523 2.9547 3.8675 3.0157 3.72035C3.07669 3.5732 3.1661 3.43952 3.2788 3.32695C3.39137 3.21425 3.52505 3.12484 3.6722 3.06384C3.81935 3.00285 3.97708 2.97145 4.13637 2.97145C4.29567 2.97145 4.45339 3.00285 4.60054 3.06384C4.74769 3.12484 4.88138 3.21425 4.99395 3.32695L5.03031 3.36331C5.17315 3.50303 5.35457 3.59676 5.55117 3.6324C5.74777 3.66805 5.95055 3.64399 6.13334 3.56331H6.18183C6.36108 3.48648 6.51396 3.35892 6.62164 3.19632C6.72932 3.03372 6.78711 2.84318 6.78789 2.64816V2.54513C6.78789 2.22365 6.91559 1.91535 7.14291 1.68803C7.37023 1.46071 7.67854 1.33301 8.00001 1.33301C8.32148 1.33301 8.62979 1.46071 8.85711 1.68803C9.08443 1.91535 9.21213 2.22365 9.21213 2.54513V2.59967C9.21291 2.7947 9.2707 2.98524 9.37838 3.14784C9.48606 3.31044 9.63894 3.438 9.81819 3.51483C10.001 3.5955 10.2038 3.61957 10.4004 3.58392C10.597 3.54827 10.7784 3.45455 10.9212 3.31483L10.9576 3.27846C11.0702 3.16576 11.2038 3.07636 11.351 3.01536C11.4981 2.95436 11.6559 2.92296 11.8152 2.92296C11.9745 2.92296 12.1322 2.95436 12.2793 3.01536C12.4265 3.07636 12.5602 3.16576 12.6727 3.27846C12.7854 3.39104 12.8748 3.52472 12.9358 3.67187C12.9968 3.81902 13.0282 3.97675 13.0282 4.13604C13.0282 4.29533 12.9968 4.45306 12.9358 4.60021C12.8748 4.74736 12.7854 4.88104 12.6727 4.99361L12.6364 5.02998C12.4967 5.17281 12.4029 5.35423 12.3673 5.55083C12.3316 5.74744 12.3557 5.95021 12.4364 6.13301V6.18149C12.5132 6.36075 12.6408 6.51362 12.8034 6.62131C12.966 6.72899 13.1565 6.78678 13.3515 6.78755H13.4546C13.776 6.78755 14.0843 6.91526 14.3117 7.14258C14.539 7.36989 14.6667 7.6782 14.6667 7.99967C14.6667 8.32115 14.539 8.62946 14.3117 8.85677C14.0843 9.08409 13.776 9.2118 13.4546 9.2118H13.4C13.205 9.21257 13.0145 9.27036 12.8519 9.37804C12.6893 9.48573 12.5617 9.6386 12.4849 9.81786Z" stroke="#AFB0B3" stroke-width="1.5" stroke-linecap="round" stroke-linejoin="round"/>
</svg>


<DrawingImage x:Key="SettingLigntIconDrawingImage">
  <DrawingImage.Drawing>
    <DrawingGroup ClipGeometry="M0,0 V16 H16 V0 H0 Z">
      <GeometryDrawing Geometry="F1 M16,16z M0,0z M8.00001,9.99967C9.10458,9.99967 10,9.10424 10,7.99967 10,6.89511 9.10458,5.99967 8.00001,5.99967 6.89544,5.99967 6.00001,6.89511 6.00001,7.99967 6.00001,9.10424 6.89544,9.99967 8.00001,9.99967z">
        <GeometryDrawing.Pen>
          <Pen Brush="#FFAFB0B3" Thickness="1.5" StartLineCap="Round" EndLineCap="Round" LineJoin="Round" MiterLimit="1" />
        </GeometryDrawing.Pen>
      </GeometryDrawing>
      <GeometryDrawing Geometry="F1 M16,16z M0,0z M12.4849,9.81786C12.4042,10.0007 12.3801,10.2034 12.4158,10.4 12.4514,10.5966 12.5451,10.7781 12.6849,10.9209L12.7212,10.9573C12.8339,11.0698 12.9233,11.2035 12.9843,11.3507 13.0453,11.4978 13.0767,11.6555 13.0767,11.8148 13.0767,11.9741 13.0453,12.1318 12.9843,12.279 12.9233,12.4261 12.8339,12.5598 12.7212,12.6724 12.6087,12.7851 12.475,12.8745 12.3278,12.9355 12.1807,12.9965 12.0229,13.0279 11.8636,13.0279 11.7044,13.0279 11.5466,12.9965 11.3995,12.9355 11.2523,12.8745 11.1186,12.7851 11.0061,12.6724L10.9697,12.636C10.8269,12.4963 10.6455,12.4026 10.4489,12.3669 10.2522,12.3313 10.0495,12.3554 9.86668,12.436 9.68742,12.5129 9.53455,12.6404 9.42686,12.803 9.31918,12.9656 9.26139,13.1562 9.26062,13.3512L9.26062,13.4542C9.26062,13.7757 9.13291,14.084 8.90559,14.3113 8.67828,14.5386 8.36997,14.6663 8.0485,14.6663 7.72702,14.6663 7.41871,14.5386 7.1914,14.3113 6.96408,14.084 6.83637,13.7757 6.83637,13.4542L6.83637,13.3997C6.83168,13.1991 6.76675,13.0045 6.65002,12.8413 6.53328,12.6781 6.37015,12.5538 6.18183,12.4845 5.99903,12.4038 5.79626,12.3798 5.59965,12.4154 5.40305,12.4511 5.22163,12.5448 5.0788,12.6845L5.04243,12.7209C4.92986,12.8336 4.79618,12.923 4.64903,12.984 4.50188,13.045 4.34415,13.0764 4.18486,13.0764 4.02557,13.0764 3.86784,13.045 3.72069,12.984 3.57354,12.923 3.43986,12.8336 3.32728,12.7209 3.21458,12.6083 3.12518,12.4746 3.06418,12.3275 3.00318,12.1803 2.97178,12.0226 2.97178,11.8633 2.97178,11.704 3.00318,11.5463 3.06418,11.3991 3.12518,11.252 3.21458,11.1183 3.32728,11.0057L3.36365,10.9694C3.50337,10.8265 3.59709,10.6451 3.63274,10.4485 3.66839,10.2519 3.64432,10.0491 3.56365,9.86634 3.48682,9.68709 3.35926,9.53421 3.19666,9.42653 3.03406,9.31885 2.84352,9.26106 2.6485,9.26028L2.54546,9.26028C2.22399,9.26028 1.91568,9.13258 1.68837,8.90526 1.46105,8.67794 1.33334,8.36963 1.33334,8.04816 1.33334,7.72668 1.46105,7.41838 1.68837,7.19106 1.91568,6.96374 2.22399,6.83604 2.54546,6.83604L2.60001,6.83604C2.80061,6.83135 2.99516,6.76641 3.15837,6.64968 3.32158,6.53295 3.4459,6.36982 3.51516,6.18149 3.59584,5.9987 3.6199,5.79592 3.58426,5.59932 3.54861,5.40271 3.45488,5.2213 3.31516,5.07846L3.2788,5.0421C3.1661,4.92953 3.07669,4.79584 3.0157,4.64869 2.9547,4.50154 2.9233,4.34381 2.9233,4.18452 2.9233,4.02523 2.9547,3.8675 3.0157,3.72035 3.07669,3.5732 3.1661,3.43952 3.2788,3.32695 3.39137,3.21425 3.52505,3.12484 3.6722,3.06384 3.81935,3.00285 3.97708,2.97145 4.13637,2.97145 4.29567,2.97145 4.45339,3.00285 4.60054,3.06384 4.74769,3.12484 4.88138,3.21425 4.99395,3.32695L5.03031,3.36331C5.17315,3.50303 5.35457,3.59676 5.55117,3.6324 5.74777,3.66805 5.95055,3.64399 6.13334,3.56331L6.18183,3.56331C6.36108,3.48648 6.51396,3.35892 6.62164,3.19632 6.72932,3.03372 6.78711,2.84318 6.78789,2.64816L6.78789,2.54513C6.78789,2.22365 6.91559,1.91535 7.14291,1.68803 7.37023,1.46071 7.67854,1.33301 8.00001,1.33301 8.32148,1.33301 8.62979,1.46071 8.85711,1.68803 9.08443,1.91535 9.21213,2.22365 9.21213,2.54513L9.21213,2.59967C9.21291,2.7947 9.2707,2.98524 9.37838,3.14784 9.48606,3.31044 9.63894,3.438 9.81819,3.51483 10.001,3.5955 10.2038,3.61957 10.4004,3.58392 10.597,3.54827 10.7784,3.45455 10.9212,3.31483L10.9576,3.27846C11.0702,3.16576 11.2038,3.07636 11.351,3.01536 11.4981,2.95436 11.6559,2.92296 11.8152,2.92296 11.9745,2.92296 12.1322,2.95436 12.2793,3.01536 12.4265,3.07636 12.5602,3.16576 12.6727,3.27846 12.7854,3.39104 12.8748,3.52472 12.9358,3.67187 12.9968,3.81902 13.0282,3.97675 13.0282,4.13604 13.0282,4.29533 12.9968,4.45306 12.9358,4.60021 12.8748,4.74736 12.7854,4.88104 12.6727,4.99361L12.6364,5.02998C12.4967,5.17281 12.4029,5.35423 12.3673,5.55083 12.3316,5.74744 12.3557,5.95021 12.4364,6.13301L12.4364,6.18149C12.5132,6.36075 12.6408,6.51362 12.8034,6.62131 12.966,6.72899 13.1565,6.78678 13.3515,6.78755L13.4546,6.78755C13.776,6.78755 14.0843,6.91526 14.3117,7.14258 14.539,7.36989 14.6667,7.6782 14.6667,7.99967 14.6667,8.32115 14.539,8.62946 14.3117,8.85677 14.0843,9.08409 13.776,9.2118 13.4546,9.2118L13.4,9.2118C13.205,9.21257 13.0145,9.27036 12.8519,9.37804 12.6893,9.48573 12.5617,9.6386 12.4849,9.81786z">
        <GeometryDrawing.Pen>
          <Pen Brush="#FFAFB0B3" Thickness="1.5" StartLineCap="Round" EndLineCap="Round" LineJoin="Round" MiterLimit="1" />
        </GeometryDrawing.Pen>
      </GeometryDrawing>
    </DrawingGroup>
  </DrawingImage.Drawing>
</DrawingImage>
